R1 = 0.001/C1
R2 = 5/C2
R3 = 0.09/C1
R4 = R2
System_Gain = R4/R3